+-------+-------+-------+
| 3 7 2 | 9 8 1 | 6 4 5 | 
| 8 5 1 | 4 6 7 | 2 3 9 | 
| 4 6 9 | 5 3 2 | 7 1 8 | 
+-------+-------+-------+
| 1 2 6 | 3 5 9 | 8 7 4 | 
| 5 8 3 | 7 4 6 | 1 9 2 | 
| 7 9 4 | 1 2 8 | 3 5 6 | 
+-------+-------+-------+
| 2 1 5 | 6 9 3 | 4 8 7 | 
| 6 4 7 | 8 1 5 | 9 2 3 | 
| 9 3 8 | 2 7 4 | 5 6 1 | 
+-------+-------+-------+
+-------+-------+-------+
| 3 7 2 | 9 8 1 | 6 4 5 | 
| 8 5 1 | 4 6 7 | 2 3 9 | 
| 4 6 9 | 5 3 2 | 7 1 8 | 
+-------+-------+-------+
| 1 2 6 | 3 5 9 | 8 7 4 | 
| 5 8 3 | 7 4 6 | 1 9 2 | 
| 7 9 4 | 1 2 8 | 3 5 6 | 
+-------+-------+-------+
| 2 1 5 | 6 9 3 | 4 8 7 | 
| 6 4 7 | 8 1 5 | 9 2 3 | 
| 9 3 8 | 2 7 4 | 5 6 1 | 
+-------+-------+-------+
2023-06-29 11:30:34
And it's the 4 day of a week.
+-------+-------+-------+
| 3 7 2 | 9 8 1 | 6 4 5 | 
| 8 5 1 | 4 6 7 | 2 3 9 | 
| 4 6 9 | 5 3 2 | 7 1 8 | 
+-------+-------+-------+
| 1 2 6 | 3 5 9 | 8 7 4 | 
| 5 8 3 | 7 4 6 | 1 9 2 | 
| 7 9 4 | 1 2 8 | 3 5 6 | 
+-------+-------+-------+
| 2 1 5 | 6 9 3 | 4 8 7 | 
| 6 4 7 | 8 1 5 | 9 2 3 | 
| 9 3 8 | 2 7 4 | 5 6 1 | 
+-------+-------+-------+
2023-06-29 11:30:34
And it's the 4 day of a week.
+-------+-------+-------+
| 3 7 2 | 9 8 1 | 6 4 5 | 
| 8 5 1 | 4 6 7 | 2 3 9 | 
| 4 6 9 | 5 3 2 | 7 1 8 | 
+-------+-------+-------+
| 1 2 6 | 3 5 9 | 8 7 4 | 
| 5 8 3 | 7 4 6 | 1 9 2 | 
| 7 9 4 | 1 2 8 | 3 5 6 | 
+-------+-------+-------+
| 2 1 5 | 6 9 3 | 4 8 7 | 
| 6 4 7 | 8 1 5 | 9 2 3 | 
| 9 3 8 | 2 7 4 | 5 6 1 | 
+-------+-------+-------+
2023-06-29 13:41:56 the 4 day of a week.
+-------+-------+-------+
| 3 7 2 | 9 8 1 | 6 4 5 | 
| 8 5 1 | 4 6 7 | 2 3 9 | 
| 4 6 9 | 5 3 2 | 7 1 8 | 
+-------+-------+-------+
| 1 2 6 | 3 5 9 | 8 7 4 | 
| 5 8 3 | 7 4 6 | 1 9 2 | 
| 7 9 4 | 1 2 8 | 3 5 6 | 
+-------+-------+-------+
| 2 1 5 | 6 9 3 | 4 8 7 | 
| 6 4 7 | 8 1 5 | 9 2 3 | 
| 9 3 8 | 2 7 4 | 5 6 1 | 
+-------+-------+-------+
2023-06-29 13:41:56 the 4 day of a week.
+-------+-------+-------+
| 3 7 2 | 9 8 1 | 6 4 5 | 
| 8 5 1 | 4 6 7 | 2 3 9 | 
| 4 6 9 | 5 3 2 | 7 1 8 | 
+-------+-------+-------+
| 1 2 6 | 3 5 9 | 8 7 4 | 
| 5 8 3 | 7 4 6 | 1 9 2 | 
| 7 9 4 | 1 2 8 | 3 5 6 | 
+-------+-------+-------+
| 2 1 5 | 6 9 3 | 4 8 7 | 
| 6 4 7 | 8 1 5 | 9 2 3 | 
| 9 3 8 | 2 7 4 | 5 6 1 | 
+-------+-------+-------+
